==============================================================
PARENTS BEFORE GA:
88 34 98 97 17 89 44 33 42 71 77 57 47 68 26 78 41 61 62 2 30 100 37 7 18 1 48 40 76 21 23 87 99 9 13 52 16 91 95 6 85 43 11 54 92 32 72 25 38 36 3 56 12 14 63 22 35 94 55 31 51 45 28 39 20 59 5 27 24 65 90 50 82 70 58 86 15 74 75 67 53 10 79 60 81 80 83 4 84 19 66 46 69 49 8 73 93 29 64 96 
PATH:
88 67 46 8 73 3 34 3 73 8 46 98 15 97 17 89 93 99 81 44 67 46 33 46 67 43 18 42 90 8 71 77 38 20 57 13 18 42 47 86 69 22 68 22 36 25 12 26 50 81 99 48 78 48 60 72 41 92 73 8 46 98 61 65 42 90 62 24 85 2 85 29 98 46 33 30 33 46 67 43 23 9 100 9 23 32 37 3 7 49 89 47 42 18 43 6 1 28 13 27 99 48 99 27 13 57 40 92 73 3 17 97 76 97 21 83 87 53 9 23 9 53 87 53 27 99 27 53 9 53 27 13 36 25 12 52 12 16 79 4 11 91 11 4 14 65 95 82 75 84 29 94 1 6 1 94 29 85 29 94 1 6 43 6 1 94 91 11 4 79 24 54 25 36 22 41 92 73 3 37 32 74 63 60 72 41 22 36 25 20 38 20 25 36 22 41 92 73 3 17 97 76 96 56 52 12 16 79 4 14 4 37 32 74 63 27 13 36 22 36 25 12 35 88 94 1 6 55 31 55 80 51 68 22 36 25 45 25 36 13 28 58 39 60 63 27 13 36 25 20 21 83 87 10 59 10 87 31 5 31 11 13 27 13 36 25 12 16 79 24 79 4 14 65 42 90 45 25 36 13 27 99 81 50 81 99 27 63 82 96 56 70 56 80 55 39 58 86 47 42 15 97 63 74 63 82 75 84 29 98 46 67 59 53 87 10 87 31 11 4 79 16 12 25 36 13 27 63 60 63 27 99 81 50 30 55 80 83 87 31 11 4 79 24 85 29 84 69 19 69 22 66 22 69 46 69 86 47 89 49 7 3 73 8 73 92 41 22 93 99 27 29 12 25 64 25 36 13 27 63 97 76 96 
SCORE = 33900

3 50 41 29 68 6 48 19 51 23 40 37 52 21 100 12 91 69 46 59 9 84 96 85 31 99 32 60 89 36 55 53 28 5 1 72 64 17 47 43 98 14 81 42 35 2 49 38 20 94 13 97 63 18 95 8 67 56 27 76 57 58 80 39 11 62 87 54 65 66 25 45 24 73 71 33 83 61 75 82 4 78 79 30 26 74 86 15 7 77 70 88 10 90 34 92 93 22 16 44 
PATH:
3 34 81 50 81 99 27 13 36 22 41 92 73 8 85 29 12 25 36 22 68 28 1 6 43 67 46 33 48 33 46 69 19 69 51 80 55 39 23 43 6 1 40 1 6 37 4 79 16 12 52 12 25 20 21 83 87 53 9 100 9 79 16 12 16 79 4 11 91 11 4 79 16 12 25 36 22 69 46 67 59 53 9 53 84 87 10 96 10 87 84 29 85 29 94 91 11 31 11 13 27 99 27 63 74 32 74 63 60 63 97 17 89 47 86 69 22 36 22 66 30 55 80 83 87 53 27 13 28 13 11 31 5 31 11 91 94 1 28 13 27 63 60 72 41 22 36 25 64 25 36 13 27 63 97 17 89 47 42 18 43 67 46 98 29 85 14 50 81 18 42 88 35 2 85 29 94 89 49 89 94 38 20 38 94 29 27 13 27 63 97 63 27 13 18 42 65 95 34 3 73 8 46 67 46 33 30 55 80 56 81 99 27 63 97 76 97 63 27 13 57 13 27 63 60 39 58 39 55 80 55 39 60 63 27 13 11 4 79 24 62 5 31 87 31 11 4 79 24 54 24 79 4 14 65 95 36 22 66 22 36 25 45 90 62 24 62 34 3 73 8 71 8 46 33 30 55 80 83 21 20 38 77 61 65 95 82 75 82 95 65 14 4 37 6 1 78 1 6 37 4 79 66 30 33 46 67 88 26 50 81 99 27 63 74 63 27 13 36 22 69 86 47 42 15 97 17 3 7 3 73 8 71 77 38 97 76 96 56 70 46 67 88 67 59 10 96 62 90 62 34 3 73 92 41 22 93 22 36 25 12 16 12 25 36 13 27 99 81 44 
SCORE = 31740

68 51 10 45 24 56 46 14 91 41 66 50 40 88 90 12 21 58 60 82 30 85 28 11 83 69 26 57 6 95 8 96 35 64 1 80 7 37 27 94 100 75 34 9 33 42 62 63 23 20 19 17 4 47 89 92 52 61 29 86 87 67 13 81 98 25 54 5 59 48 18 65 3 36 43 72 73 74 44 76 16 78 79 2 97 55 77 31 49 32 22 39 38 99 70 53 93 84 15 71 
PATH:
68 51 80 55 30 10 87 53 27 13 36 25 45 90 62 24 62 90 70 56 80 55 30 33 46 67 14 4 11 91 11 4 37 3 73 92 41 66 22 36 13 27 99 81 50 81 99 27 13 57 40 92 41 35 88 42 90 45 25 12 25 20 21 83 80 55 39 58 39 60 63 82 30 33 46 98 29 85 29 94 1 28 13 11 31 87 83 21 20 25 36 22 69 22 36 25 12 26 50 81 99 27 13 57 13 28 1 6 1 94 29 84 75 82 95 34 3 73 8 73 3 17 97 76 96 76 97 17 3 73 92 41 35 64 25 36 13 28 1 6 55 80 49 7 3 37 4 79 16 12 25 36 13 27 29 94 29 84 53 9 100 9 53 84 75 84 29 85 8 73 3 34 3 73 53 9 23 43 67 46 33 46 67 43 18 42 90 62 60 63 60 39 23 9 53 87 83 21 20 25 36 22 69 19 86 47 89 17 91 11 4 11 91 47 89 17 3 73 92 41 22 36 25 12 52 56 70 65 61 98 29 84 69 86 69 22 36 13 27 53 87 10 59 67 46 69 22 36 13 27 99 81 99 48 33 46 98 46 69 22 36 25 54 24 79 4 11 31 5 31 87 10 59 67 46 33 48 99 81 18 42 65 95 34 3 73 92 41 22 36 43 67 46 8 72 41 92 73 3 37 32 74 63 27 99 81 44 81 99 48 96 76 96 56 52 12 16 12 25 36 13 27 99 48 78 1 6 37 4 79 24 85 2 27 63 97 76 96 56 80 55 77 38 94 91 11 31 11 91 47 89 49 89 47 91 11 4 37 32 37 4 79 16 12 25 36 22 36 13 27 63 60 39 55 77 38 20 25 36 13 27 99 81 56 70 56 96 10 87 53 27 99 93 99 27 29 84 29 98 15 71 
SCORE = 32239

56 88 54 55 93 12 10 99 42 86 100 80 23 8 49 16 29 81 43 89 30 44 9 40 48 33 32 73 31 2 71 7 28 53 17 84 38 68 78 27 58 14 15 57 1 91 19 45 51 22 47 26 11 5 52 25 97 21 98 67 35 50 63 60 18 62 34 65 6 76 64 24 46 70 94 72 59 66 75 36 77 41 79 61 74 13 83 92 4 39 87 20 3 90 37 85 69 82 95 96 
PATH:
56 81 50 26 88 35 12 16 79 24 54 51 80 55 30 33 48 99 93 22 36 25 12 25 36 13 27 53 87 10 96 48 99 81 18 42 47 86 69 22 36 13 27 53 9 100 9 53 87 83 80 55 39 23 9 53 73 8 73 3 7 49 89 47 91 11 4 79 16 12 29 27 99 81 18 43 18 42 47 89 49 80 55 30 33 46 67 44 81 99 27 53 9 53 73 92 40 57 13 27 99 48 33 46 67 43 23 32 37 3 73 3 37 4 11 31 5 2 85 8 71 8 73 3 7 3 17 97 15 28 13 27 53 87 10 96 76 97 17 3 73 8 85 29 84 29 94 38 20 25 36 22 68 22 36 13 27 99 48 78 48 99 27 63 60 39 58 28 1 14 4 79 24 62 90 15 28 13 57 13 28 1 94 91 11 4 19 69 22 36 25 45 25 36 22 68 51 68 22 69 86 47 42 88 26 88 94 91 11 31 5 56 52 12 25 36 13 27 63 97 21 84 29 98 46 67 88 35 88 26 50 81 99 27 63 60 63 27 13 18 42 90 62 34 95 65 42 18 43 6 1 28 15 97 76 97 63 27 13 36 25 64 25 12 16 79 24 79 16 12 25 36 22 69 46 70 46 98 29 94 29 85 8 72 8 46 67 59 67 46 69 22 66 75 66 22 36 25 20 38 77 38 20 25 36 22 41 66 79 4 14 65 61 65 95 82 63 74 63 27 13 27 53 87 83 87 53 73 92 73 3 37 4 37 32 74 39 60 63 27 53 87 83 21 20 25 36 22 41 92 73 3 34 62 90 62 24 79 4 37 4 79 24 85 29 84 69 22 66 75 82 95 82 96 
SCORE = 34140

72 67 71 69 49 97 28 64 43 2 29 27 51 79 47 100 78 4 61 36 85 3 26 34 40 84 17 23 10 37 8 88 86 66 95 20 82 68 70 76 13 92 75 99 53 33 30 98 91 90 6 48 73 83 80 7 9 54 12 56 93 57 50 19 58 74 63 59 15 94 46 89 18 96 5 22 16 62 11 32 25 35 24 31 1 41 38 42 81 52 45 44 39 21 55 14 60 65 87 77 
PATH:
72 8 46 67 46 8 71 45 25 36 22 69 86 47 89 49 89 17 97 15 28 13 36 25 64 25 36 43 6 1 94 29 85 2 85 29 27 13 36 22 68 51 68 22 36 25 12 16 79 4 11 91 47 91 11 31 87 53 9 100 9 23 78 1 6 37 4 14 65 61 65 95 36 25 12 29 85 8 73 3 73 8 46 67 88 26 50 81 34 3 73 92 40 1 94 29 84 29 85 8 73 3 17 97 76 96 10 87 53 9 23 9 53 87 10 87 31 11 4 37 3 73 8 46 67 88 67 46 69 86 69 22 66 22 36 95 36 25 20 25 36 95 82 95 68 22 36 25 12 52 56 70 56 96 76 97 63 27 13 36 22 41 92 41 66 75 66 22 36 13 27 99 27 53 73 8 46 33 30 33 46 98 29 94 91 11 4 79 24 62 90 62 24 79 4 37 6 43 67 46 33 48 33 46 8 73 53 87 83 80 49 7 3 73 53 9 79 24 54 24 79 16 12 52 56 81 99 93 99 27 13 57 13 27 99 81 50 81 99 27 13 36 22 69 19 86 58 39 74 63 97 76 59 76 97 15 28 1 94 29 98 46 33 89 47 42 18 42 15 97 76 96 56 5 31 11 4 79 16 12 25 36 22 36 25 12 16 79 24 62 24 79 4 11 4 37 32 37 4 79 16 12 25 12 35 12 16 79 24 79 4 11 31 11 91 94 1 94 29 85 8 73 92 41 22 36 25 20 38 97 15 42 18 81 56 52 12 25 45 25 36 13 27 99 81 44 81 99 27 63 60 39 55 80 83 21 83 80 55 30 33 46 67 14 4 37 32 74 63 60 63 82 95 65 95 10 87 83 21 20 38 77 
SCORE = 30728

67 38 88 21 12 87 16 71 56 3 68 63 99 95 36 35 34 45 4 42 30 62 6 50 76 75 24 53 46 9 8 10 33 65 69 23 57 98 11 96 84 90 86 1 54 66 15 91 28 77 100 48 43 27 51 52 85 40 37 74 89 19 59 55 94 31 83 64 41 2 81 17 60 61 14 44 73 80 72 70 32 78 49 39 13 82 92 97 7 58 18 26 5 79 20 25 93 22 47 29 
PATH:
67 46 33 38 94 88 94 29 84 21 20 25 12 25 36 13 27 53 87 31 11 4 79 16 79 71 8 73 3 17 97 76 96 56 96 76 97 17 3 68 22 36 13 27 63 27 99 27 63 82 95 36 25 12 35 41 92 73 3 34 62 90 45 25 12 16 79 4 79 24 62 90 42 18 43 67 46 33 30 33 46 8 90 62 24 79 4 37 6 1 28 13 27 99 81 50 81 99 48 96 76 96 82 75 84 29 85 24 85 29 84 53 73 8 46 67 43 23 9 53 73 8 73 53 87 10 30 33 46 98 61 65 95 36 22 69 46 67 43 23 9 53 27 13 57 65 61 98 29 94 91 11 91 17 97 76 96 10 87 84 29 85 24 62 90 45 25 36 22 69 86 69 22 36 13 28 1 6 37 4 79 24 54 25 36 22 66 22 36 25 45 90 15 97 17 91 11 13 28 1 94 38 77 38 20 21 83 87 53 9 100 9 53 27 99 48 33 46 67 43 18 13 27 13 36 22 68 51 68 22 36 25 12 52 12 29 85 29 94 1 40 1 6 37 32 74 63 97 17 89 47 86 19 69 46 67 59 67 46 33 30 55 6 1 94 91 11 31 87 83 21 20 25 64 25 36 22 41 35 2 27 99 81 99 48 96 76 97 17 97 63 60 63 82 95 65 61 65 14 50 81 44 73 8 46 33 30 55 80 55 39 60 72 60 63 27 99 81 56 70 90 62 24 79 4 37 32 23 78 48 33 30 55 80 49 80 55 39 60 63 27 13 27 63 82 75 66 41 92 73 3 17 97 17 3 7 64 58 39 60 63 27 13 18 81 50 26 2 5 31 11 4 79 16 20 25 36 22 93 22 69 86 47 89 94 29 
SCORE = 33645

91 56 98 33 36 78 44 87 81 14 96 85 25 37 9 62 60 16 26 2 3 4 49 46 15 82 6 11 77 57 41 20 80 45 84 79 48 70 63 12 93 69 95 21 99 18 51 89 73 64 8 61 32 50 97 43 53 52 66 47 40 58 30 19 27 59 7 31 13 55 75 22 5 29 90 72 1 74 23 83 10 88 54 67 92 35 34 71 42 86 17 39 76 28 65 68 24 94 38 100 
PATH:
91 11 31 5 56 80 55 30 33 46 98 46 33 46 69 22 36 13 27 99 48 78 48 99 81 44 81 99 27 53 87 53 27 99 81 50 14 4 11 91 17 97 76 96 10 87 84 29 85 29 12 25 12 16 79 4 37 32 23 9 79 24 62 60 63 27 13 36 25 12 16 12 26 2 85 8 73 3 37 4 11 91 47 89 49 80 55 30 33 46 98 15 97 76 96 82 75 84 29 94 1 6 1 94 91 11 91 94 38 77 38 20 57 13 36 22 41 22 36 25 20 21 83 80 55 30 66 22 36 25 45 25 12 29 84 29 85 24 79 16 12 25 36 13 27 99 48 96 56 70 56 81 99 27 63 27 13 36 25 12 25 36 22 93 22 69 22 36 95 36 25 20 21 83 87 53 27 99 81 18 13 36 22 68 51 80 49 89 17 3 73 92 41 22 36 25 64 25 36 22 41 92 73 8 46 98 61 65 14 4 37 32 74 63 27 99 81 50 81 99 48 96 76 97 76 43 23 9 53 87 10 96 56 52 12 25 36 22 66 22 69 86 47 89 94 1 40 1 28 58 39 55 30 33 46 69 19 69 22 36 13 27 53 59 67 46 8 73 3 7 49 89 47 91 11 31 11 13 36 22 66 30 55 30 66 75 66 22 36 25 12 16 79 4 11 31 5 31 11 91 94 29 85 24 62 90 8 72 60 63 27 13 28 1 28 13 27 63 74 32 23 9 53 87 83 87 10 59 67 88 35 12 16 79 24 54 25 36 22 69 46 67 46 8 73 92 41 35 41 92 73 3 34 3 73 8 71 8 90 42 47 86 47 89 17 97 63 60 39 60 63 97 76 97 15 28 15 42 65 95 68 22 36 25 12 16 79 24 85 29 94 38 20 21 83 87 53 9 100 
SCORE = 33637

80 1 57 97 40 45 74 43 100 94 56 24 68 11 23 77 54 26 10 27 95 65 50 31 92 20 83 44 85 81 8 66 86 14 62 48 58 69 13 12 42 6 15 61 99 18 52 59 19 22 91 70 34 32 51 98 67 78 37 47 89 39 82 36 29 87 63 53 38 33 9 16 79 4 71 21 73 55 75 72 49 35 3 25 76 90 30 84 5 17 46 88 64 41 60 28 7 93 2 96 
PATH:
80 55 6 1 28 13 57 13 27 63 97 17 3 73 92 40 92 41 22 36 25 45 25 36 13 27 63 74 32 23 43 23 9 100 9 53 84 29 94 91 11 31 5 56 70 90 62 24 79 16 12 25 36 22 68 22 36 25 12 16 79 4 11 4 37 32 23 9 53 87 83 21 20 38 77 38 20 25 54 24 79 16 12 26 50 81 99 48 96 10 87 53 27 63 82 95 65 42 18 81 50 81 99 27 13 11 31 11 4 37 3 73 92 41 22 36 25 20 21 83 87 53 27 99 81 44 73 8 85 29 27 99 81 99 48 33 46 8 73 92 41 66 22 69 86 19 4 14 4 79 24 62 96 48 60 39 58 86 69 22 36 13 36 25 12 25 36 13 18 42 18 43 6 1 28 15 42 65 61 98 46 33 48 99 81 18 81 56 52 56 96 76 59 67 46 69 19 69 22 36 25 12 16 79 4 11 91 11 31 5 56 70 90 62 34 3 37 32 37 4 79 16 12 25 36 22 68 51 80 55 30 33 46 98 46 67 46 33 48 78 1 6 37 4 11 91 47 89 49 80 55 39 60 63 82 95 36 25 12 29 84 87 53 27 63 27 53 87 83 21 20 38 33 46 67 43 23 9 79 16 79 4 79 71 8 85 29 84 21 83 87 53 73 8 46 33 30 55 30 66 75 66 41 72 60 39 55 80 49 89 47 42 88 35 41 92 73 3 73 92 41 22 36 25 36 13 27 63 97 76 97 15 90 8 46 33 30 33 46 98 29 84 29 94 91 11 31 5 31 11 91 17 3 73 8 46 67 88 35 64 25 36 22 41 72 60 63 27 13 28 15 97 17 3 7 49 89 93 99 27 2 27 63 97 76 96 
SCORE = 33176

==============================================================
++++++++++++++++++++++++++++++++++++++++++++++++++++++++++++++
PRINTING CHILDREN (AFTER GA):
72 8 71 84 49 97 17 29 43 41 66 50 40 96 89 100 21 58 60 34 62 85 28 11 64 69 26 57 10 37 67 88 86 47 95 20 82 68 70 76 13 92 75 99 53 33 30 98 91 90 6 48 14 83 80 7 9 54 12 56 93 23 27 19 73 74 63 59 15 94 46 51 18 79 5 22 16 3 36 32 25 35 24 31 1 2 38 42 81 52 45 44 39 78 55 4 61 65 87 77 
PATH:
72 8 71 8 85 29 84 29 94 89 49 89 17 97 17 3 73 8 85 29 94 1 6 43 67 46 8 73 92 41 66 22 36 13 27 99 81 50 81 99 27 13 57 40 92 73 3 17 97 76 96 76 97 17 89 47 91 11 31 87 53 9 100 9 53 87 83 21 83 80 55 39 58 39 60 72 41 92 73 3 34 62 24 85 29 94 1 28 13 11 4 79 16 12 25 64 25 36 22 69 22 36 25 12 26 50 81 99 27 13 57 13 27 53 87 10 87 31 11 4 37 4 14 67 88 67 46 69 86 47 42 65 95 36 25 20 25 36 95 82 95 68 22 36 25 12 52 56 70 56 96 76 97 63 27 13 36 22 41 92 41 66 75 66 22 36 13 27 99 27 53 73 8 46 33 30 33 46 98 29 94 91 11 4 79 24 62 90 62 24 79 4 37 6 43 67 46 33 48 99 81 50 14 4 11 31 87 83 80 49 7 3 73 53 9 79 24 54 24 79 16 12 52 56 81 99 93 99 27 53 9 23 9 53 27 13 36 22 69 19 69 22 41 92 73 3 37 32 74 63 97 76 59 76 97 15 28 1 94 29 98 46 33 30 55 80 51 68 22 36 13 18 24 79 4 11 31 5 31 11 4 79 16 12 25 36 22 36 25 12 16 79 4 37 3 73 92 41 22 36 25 12 16 79 4 37 32 37 4 79 16 12 25 12 35 12 16 79 24 79 4 11 31 11 91 94 1 94 29 85 2 85 29 94 38 97 15 42 18 81 56 52 12 25 45 25 36 13 27 99 81 44 81 99 27 63 60 39 60 48 78 48 33 30 55 6 37 4 14 65 61 65 95 10 87 83 21 20 38 77 
SCORE = 30763

72 8 71 84 49 97 17 29 43 41 66 50 40 96 89 100 21 58 60 34 62 85 28 11 64 69 26 57 10 37 67 88 86 47 95 20 82 68 70 76 13 92 75 99 53 33 30 98 91 90 6 48 14 83 80 7 9 54 12 56 93 23 27 19 73 74 63 59 15 94 46 51 18 79 5 22 16 3 36 32 25 35 24 31 1 2 38 42 81 52 45 44 39 78 55 4 61 65 87 77 
PATH:
72 8 71 8 85 29 84 29 94 89 49 89 17 97 17 3 73 8 85 29 94 1 6 43 67 46 8 73 92 41 66 22 36 13 27 99 81 50 81 99 27 13 57 40 92 73 3 17 97 76 96 76 97 17 89 47 91 11 31 87 53 9 100 9 53 87 83 21 83 80 55 39 58 39 60 72 41 92 73 3 34 62 24 85 29 94 1 28 13 11 4 79 16 12 25 64 25 36 22 69 22 36 25 12 26 50 81 99 27 13 57 13 27 53 87 10 87 31 11 4 37 4 14 67 88 67 46 69 86 47 42 65 95 36 25 20 25 36 95 82 95 68 22 36 25 12 52 56 70 56 96 76 97 63 27 13 36 22 41 92 41 66 75 66 22 36 13 27 99 27 53 73 8 46 33 30 33 46 98 29 94 91 11 4 79 24 62 90 62 24 79 4 37 6 43 67 46 33 48 99 81 50 14 4 11 31 87 83 80 49 7 3 73 53 9 79 24 54 24 79 16 12 52 56 81 99 93 99 27 53 9 23 9 53 27 13 36 22 69 19 69 22 41 92 73 3 37 32 74 63 97 76 59 76 97 15 28 1 94 29 98 46 33 30 55 80 51 68 22 36 13 18 24 79 4 11 31 5 31 11 4 79 16 12 25 36 22 36 25 12 16 79 4 37 3 73 92 41 22 36 25 12 16 79 4 37 32 37 4 79 16 12 25 12 35 12 16 79 24 79 4 11 31 11 91 94 1 94 29 85 2 85 29 94 38 97 15 42 18 81 56 52 12 25 45 25 36 13 27 99 81 44 81 99 27 63 60 39 60 48 78 48 33 30 55 6 37 4 14 65 61 65 95 10 87 83 21 20 38 77 
SCORE = 30763

72 8 71 84 49 97 17 29 43 41 66 50 40 96 89 100 21 58 60 34 62 85 28 11 64 69 26 57 10 37 67 88 86 47 95 20 82 68 70 76 13 92 75 99 53 33 30 98 91 90 6 48 14 83 80 7 9 54 12 56 93 23 27 19 73 74 63 59 15 94 46 51 18 79 5 22 16 3 36 32 25 35 24 31 1 2 38 42 81 52 45 44 39 78 55 4 61 65 87 77 
PATH:
72 8 71 8 85 29 84 29 94 89 49 89 17 97 17 3 73 8 85 29 94 1 6 43 67 46 8 73 92 41 66 22 36 13 27 99 81 50 81 99 27 13 57 40 92 73 3 17 97 76 96 76 97 17 89 47 91 11 31 87 53 9 100 9 53 87 83 21 83 80 55 39 58 39 60 72 41 92 73 3 34 62 24 85 29 94 1 28 13 11 4 79 16 12 25 64 25 36 22 69 22 36 25 12 26 50 81 99 27 13 57 13 27 53 87 10 87 31 11 4 37 4 14 67 88 67 46 69 86 47 42 65 95 36 25 20 25 36 95 82 95 68 22 36 25 12 52 56 70 56 96 76 97 63 27 13 36 22 41 92 41 66 75 66 22 36 13 27 99 27 53 73 8 46 33 30 33 46 98 29 94 91 11 4 79 24 62 90 62 24 79 4 37 6 43 67 46 33 48 99 81 50 14 4 11 31 87 83 80 49 7 3 73 53 9 79 24 54 24 79 16 12 52 56 81 99 93 99 27 53 9 23 9 53 27 13 36 22 69 19 69 22 41 92 73 3 37 32 74 63 97 76 59 76 97 15 28 1 94 29 98 46 33 30 55 80 51 68 22 36 13 18 24 79 4 11 31 5 31 11 4 79 16 12 25 36 22 36 25 12 16 79 4 37 3 73 92 41 22 36 25 12 16 79 4 37 32 37 4 79 16 12 25 12 35 12 16 79 24 79 4 11 31 11 91 94 1 94 29 85 2 85 29 94 38 97 15 42 18 81 56 52 12 25 45 25 36 13 27 99 81 44 81 99 27 63 60 39 60 48 78 48 33 30 55 6 37 4 14 65 61 65 95 10 87 83 21 20 38 77 
SCORE = 30763

72 8 71 84 49 97 17 29 43 41 66 50 40 96 89 100 21 58 60 34 62 85 28 11 64 69 26 57 10 37 67 88 86 47 95 20 82 68 70 76 13 92 75 99 53 33 30 98 91 90 6 48 14 83 80 7 9 54 12 56 93 23 27 19 73 74 63 59 15 94 46 51 18 79 5 22 16 3 36 32 25 35 24 31 1 2 38 42 81 52 45 44 39 78 55 4 61 65 87 77 
PATH:
72 8 71 8 85 29 84 29 94 89 49 89 17 97 17 3 73 8 85 29 94 1 6 43 67 46 8 73 92 41 66 22 36 13 27 99 81 50 81 99 27 13 57 40 92 73 3 17 97 76 96 76 97 17 89 47 91 11 31 87 53 9 100 9 53 87 83 21 83 80 55 39 58 39 60 72 41 92 73 3 34 62 24 85 29 94 1 28 13 11 4 79 16 12 25 64 25 36 22 69 22 36 25 12 26 50 81 99 27 13 57 13 27 53 87 10 87 31 11 4 37 4 14 67 88 67 46 69 86 47 42 65 95 36 25 20 25 36 95 82 95 68 22 36 25 12 52 56 70 56 96 76 97 63 27 13 36 22 41 92 41 66 75 66 22 36 13 27 99 27 53 73 8 46 33 30 33 46 98 29 94 91 11 4 79 24 62 90 62 24 79 4 37 6 43 67 46 33 48 99 81 50 14 4 11 31 87 83 80 49 7 3 73 53 9 79 24 54 24 79 16 12 52 56 81 99 93 99 27 53 9 23 9 53 27 13 36 22 69 19 69 22 41 92 73 3 37 32 74 63 97 76 59 76 97 15 28 1 94 29 98 46 33 30 55 80 51 68 22 36 13 18 24 79 4 11 31 5 31 11 4 79 16 12 25 36 22 36 25 12 16 79 4 37 3 73 92 41 22 36 25 12 16 79 4 37 32 37 4 79 16 12 25 12 35 12 16 79 24 79 4 11 31 11 91 94 1 94 29 85 2 85 29 94 38 97 15 42 18 81 56 52 12 25 45 25 36 13 27 99 81 44 81 99 27 63 60 39 60 48 78 48 33 30 55 6 37 4 14 65 61 65 95 10 87 83 21 20 38 77 
SCORE = 30763

72 8 71 84 49 97 17 29 43 41 66 50 40 96 89 100 21 58 60 34 62 85 28 11 64 69 26 57 10 37 67 88 86 47 95 20 82 68 70 76 13 92 75 99 53 33 30 98 91 90 6 48 14 83 80 7 9 54 12 56 93 23 27 19 73 74 63 59 15 94 46 51 18 79 5 22 16 3 36 32 25 35 24 31 1 2 38 42 81 52 45 44 39 78 55 4 61 65 87 77 
PATH:
72 8 71 8 85 29 84 29 94 89 49 89 17 97 17 3 73 8 85 29 94 1 6 43 67 46 8 73 92 41 66 22 36 13 27 99 81 50 81 99 27 13 57 40 92 73 3 17 97 76 96 76 97 17 89 47 91 11 31 87 53 9 100 9 53 87 83 21 83 80 55 39 58 39 60 72 41 92 73 3 34 62 24 85 29 94 1 28 13 11 4 79 16 12 25 64 25 36 22 69 22 36 25 12 26 50 81 99 27 13 57 13 27 53 87 10 87 31 11 4 37 4 14 67 88 67 46 69 86 47 42 65 95 36 25 20 25 36 95 82 95 68 22 36 25 12 52 56 70 56 96 76 97 63 27 13 36 22 41 92 41 66 75 66 22 36 13 27 99 27 53 73 8 46 33 30 33 46 98 29 94 91 11 4 79 24 62 90 62 24 79 4 37 6 43 67 46 33 48 99 81 50 14 4 11 31 87 83 80 49 7 3 73 53 9 79 24 54 24 79 16 12 52 56 81 99 93 99 27 53 9 23 9 53 27 13 36 22 69 19 69 22 41 92 73 3 37 32 74 63 97 76 59 76 97 15 28 1 94 29 98 46 33 30 55 80 51 68 22 36 13 18 24 79 4 11 31 5 31 11 4 79 16 12 25 36 22 36 25 12 16 79 4 37 3 73 92 41 22 36 25 12 16 79 4 37 32 37 4 79 16 12 25 12 35 12 16 79 24 79 4 11 31 11 91 94 1 94 29 85 2 85 29 94 38 97 15 42 18 81 56 52 12 25 45 25 36 13 27 99 81 44 81 99 27 63 60 39 60 48 78 48 33 30 55 6 37 4 14 65 61 65 95 10 87 83 21 20 38 77 
SCORE = 30763

72 8 71 84 49 97 17 29 43 41 66 50 40 96 89 100 21 58 60 34 62 85 28 11 64 69 26 57 10 37 67 88 86 47 95 20 82 68 70 76 13 92 75 99 53 33 30 98 91 90 6 48 14 83 80 7 9 54 12 56 93 23 27 19 73 74 63 59 15 94 46 51 18 79 5 22 16 3 36 32 25 35 24 31 1 2 38 42 81 52 45 44 39 78 55 4 61 65 87 77 
PATH:
72 8 71 8 85 29 84 29 94 89 49 89 17 97 17 3 73 8 85 29 94 1 6 43 67 46 8 73 92 41 66 22 36 13 27 99 81 50 81 99 27 13 57 40 92 73 3 17 97 76 96 76 97 17 89 47 91 11 31 87 53 9 100 9 53 87 83 21 83 80 55 39 58 39 60 72 41 92 73 3 34 62 24 85 29 94 1 28 13 11 4 79 16 12 25 64 25 36 22 69 22 36 25 12 26 50 81 99 27 13 57 13 27 53 87 10 87 31 11 4 37 4 14 67 88 67 46 69 86 47 42 65 95 36 25 20 25 36 95 82 95 68 22 36 25 12 52 56 70 56 96 76 97 63 27 13 36 22 41 92 41 66 75 66 22 36 13 27 99 27 53 73 8 46 33 30 33 46 98 29 94 91 11 4 79 24 62 90 62 24 79 4 37 6 43 67 46 33 48 99 81 50 14 4 11 31 87 83 80 49 7 3 73 53 9 79 24 54 24 79 16 12 52 56 81 99 93 99 27 53 9 23 9 53 27 13 36 22 69 19 69 22 41 92 73 3 37 32 74 63 97 76 59 76 97 15 28 1 94 29 98 46 33 30 55 80 51 68 22 36 13 18 24 79 4 11 31 5 31 11 4 79 16 12 25 36 22 36 25 12 16 79 4 37 3 73 92 41 22 36 25 12 16 79 4 37 32 37 4 79 16 12 25 12 35 12 16 79 24 79 4 11 31 11 91 94 1 94 29 85 2 85 29 94 38 97 15 42 18 81 56 52 12 25 45 25 36 13 27 99 81 44 81 99 27 63 60 39 60 48 78 48 33 30 55 6 37 4 14 65 61 65 95 10 87 83 21 20 38 77 
SCORE = 30763

72 8 71 84 49 97 17 29 43 41 66 50 40 96 89 100 21 58 60 34 62 85 28 11 64 69 26 57 10 37 67 88 86 47 95 20 82 68 70 76 13 92 75 99 53 33 30 98 91 90 6 48 14 83 80 7 9 54 12 56 93 23 27 19 73 74 63 59 15 94 46 51 18 79 5 22 16 3 36 32 25 35 24 31 1 2 38 42 81 52 45 44 39 78 55 4 61 65 87 77 
PATH:
72 8 71 8 85 29 84 29 94 89 49 89 17 97 17 3 73 8 85 29 94 1 6 43 67 46 8 73 92 41 66 22 36 13 27 99 81 50 81 99 27 13 57 40 92 73 3 17 97 76 96 76 97 17 89 47 91 11 31 87 53 9 100 9 53 87 83 21 83 80 55 39 58 39 60 72 41 92 73 3 34 62 24 85 29 94 1 28 13 11 4 79 16 12 25 64 25 36 22 69 22 36 25 12 26 50 81 99 27 13 57 13 27 53 87 10 87 31 11 4 37 4 14 67 88 67 46 69 86 47 42 65 95 36 25 20 25 36 95 82 95 68 22 36 25 12 52 56 70 56 96 76 97 63 27 13 36 22 41 92 41 66 75 66 22 36 13 27 99 27 53 73 8 46 33 30 33 46 98 29 94 91 11 4 79 24 62 90 62 24 79 4 37 6 43 67 46 33 48 99 81 50 14 4 11 31 87 83 80 49 7 3 73 53 9 79 24 54 24 79 16 12 52 56 81 99 93 99 27 53 9 23 9 53 27 13 36 22 69 19 69 22 41 92 73 3 37 32 74 63 97 76 59 76 97 15 28 1 94 29 98 46 33 30 55 80 51 68 22 36 13 18 24 79 4 11 31 5 31 11 4 79 16 12 25 36 22 36 25 12 16 79 4 37 3 73 92 41 22 36 25 12 16 79 4 37 32 37 4 79 16 12 25 12 35 12 16 79 24 79 4 11 31 11 91 94 1 94 29 85 2 85 29 94 38 97 15 42 18 81 56 52 12 25 45 25 36 13 27 99 81 44 81 99 27 63 60 39 60 48 78 48 33 30 55 6 37 4 14 65 61 65 95 10 87 83 21 20 38 77 
SCORE = 30763

72 8 71 84 49 97 17 29 43 41 66 50 40 96 89 100 21 58 60 34 62 85 28 11 64 69 26 57 10 37 67 88 86 47 95 20 82 68 70 76 13 92 75 99 53 33 30 98 91 90 6 48 14 83 80 7 9 54 12 56 93 23 27 19 73 74 63 59 15 94 46 51 18 79 5 22 16 3 36 32 25 35 24 31 1 2 38 42 81 52 45 44 39 78 55 4 61 65 87 77 
PATH:
72 8 71 8 85 29 84 29 94 89 49 89 17 97 17 3 73 8 85 29 94 1 6 43 67 46 8 73 92 41 66 22 36 13 27 99 81 50 81 99 27 13 57 40 92 73 3 17 97 76 96 76 97 17 89 47 91 11 31 87 53 9 100 9 53 87 83 21 83 80 55 39 58 39 60 72 41 92 73 3 34 62 24 85 29 94 1 28 13 11 4 79 16 12 25 64 25 36 22 69 22 36 25 12 26 50 81 99 27 13 57 13 27 53 87 10 87 31 11 4 37 4 14 67 88 67 46 69 86 47 42 65 95 36 25 20 25 36 95 82 95 68 22 36 25 12 52 56 70 56 96 76 97 63 27 13 36 22 41 92 41 66 75 66 22 36 13 27 99 27 53 73 8 46 33 30 33 46 98 29 94 91 11 4 79 24 62 90 62 24 79 4 37 6 43 67 46 33 48 99 81 50 14 4 11 31 87 83 80 49 7 3 73 53 9 79 24 54 24 79 16 12 52 56 81 99 93 99 27 53 9 23 9 53 27 13 36 22 69 19 69 22 41 92 73 3 37 32 74 63 97 76 59 76 97 15 28 1 94 29 98 46 33 30 55 80 51 68 22 36 13 18 24 79 4 11 31 5 31 11 4 79 16 12 25 36 22 36 25 12 16 79 4 37 3 73 92 41 22 36 25 12 16 79 4 37 32 37 4 79 16 12 25 12 35 12 16 79 24 79 4 11 31 11 91 94 1 94 29 85 2 85 29 94 38 97 15 42 18 81 56 52 12 25 45 25 36 13 27 99 81 44 81 99 27 63 60 39 60 48 78 48 33 30 55 6 37 4 14 65 61 65 95 10 87 83 21 20 38 77 
SCORE = 30763

++++++++++++++++++++++++++++++++++++++++++++++++++++++++++++++
